A = [-4.615046 -2.817096 12.938348];
B = [8.700264 -1.824747 32.418859];
C = [8.727491 2.169691 32.209749];
D = [-4.587820 1.177341 12.729238];
plot3([A(1) B(1)],[A(2) B(2)],[A(3) B(3)])
hold on;
pause;
plot3([B(1) C(1)],[B(2) C(2)],[B(3) C(3)])
hold on;
pause;
plot3([C(1) D(1)],[C(2) D(2)],[C(3) D(3)])
hold on;
pause;
plot3([D(1) A(1)],[D(2) A(2)],[D(3) A(3)])
