% replace below 

%Focal Length:          
fc = [ 1689.11255   1682.71522 ]

%Principal point:       
cc = [ 795.40409   651.33613 ] 


K = [fc(1) 0 cc(1);0 fc(2) cc(2);0 0 1]

